947
36682 37039 9673
58943 96159 9883
31822 33012 4002
33827 97093 37
93256 96396 6159
5748 66302 3383
17093 24538 7168
34174 48036 6354
92228 97362 7037
99154 99999 1387
83861 89221 4084
86820 96442 4567
95264 97847 5063
17653 34527 3914
21690 65360 7573
72287 72592 5040
5138 63267 9526
27444 43195 967
28390 32573 3502
16450 60932 631
94696 97751 2771
60924 87774 7305
501 70222 5590
8658 66281 6930
28620 42411 6469
5952 72813 8406
97987 98990 1658
83672 93988 4064
89003 94858 5461
43113 45905 1259
72843 74416 7211
95791 97955 1632
89420 92422 5814
49252 98886 7423
67666 68796 1104
75370 88561 1927
28291 74192 7686
53387 55859 7755
61645 63242 2832
83618 84004 2320
19015 63325 6102
45196 84585 1312
79915 94655 8921
84814 91927 6611
59149 66512 8451
47056 58289 484
66831 68076 9401
53324 56253 3386
32488 85832 3555
65978 78766 7625
94536 94589 7200
13523 32010 5526
3621 69319 2736
82108 89702 7236
65243 75264 7320
22186 77028 9376
64815 98471 362
27932 79332 2603
82201 99183 794
47121 71755 6228
22829 63699 4373
82022 91621 8345
97478 98434 8906
87177 89445 6533
61184 94028 2590
7486 91947 5162
73637 93633 7105
98166 99170 4667
98908 99203 6592
70078 84883 2923
17970 84478 6699
32869 63117 7098
80296 85034 5866
97705 98692 9536
59721 67199 7425
19102 97261 9356
64826 85594 3088
84258 84614 6551
58893 59552 5265
99061 99380 9565
24563 74168 5339
62227 67090 4188
95237 95391 9079
54028 91045 9570
23249 88437 4995
56675 61639 4241
42901 59175 7058
37603 63421 4900
34361 91332 7338
90508 94901 6236
9836 96751 9807
82545 97703 404
86889 88022 1296
49022 68440 2348
61889 79879 750
86361 89932 2109
81697 82230 3073
25857 28250 3477
75934 81634 4206
73192 92183 9704
31539 99731 1446
27989 61682 1296
30351 88553 421
88502 93235 9637
74061 89131 6770
65287 81473 1761
97629 99469 1406
96459 97980 6507
93294 97017 4991
48246 91087 9730
25966 94466 314
469 20640 430
95218 97468 6818
20693 24176 7554
49383 91063 4953
85483 96577 7562
35373 89785 3497
43673 46428 8226
19911 35112 374
36281 88046 9143
44844 84682 6967
66894 97628 2427
85072 86661 2907
49507 71828 1553
406 26182 9614
8054 48872 2498
65597 69982 4259
50109 63370 7449
39859 78431 181
1734 98739 452
25082 93069 2349
4047 32068 946
44751 45811 7837
63650 82454 6192
60339 75652 9259
26496 79747 116
27289 84981 7346
82092 87416 2343
41111 61115 5757
91361 96927 2910
33767 61084 9003
69743 79719 3383
49952 62417 7613
81873 95397 6042
79627 99913 1467
16735 48815 4337
32772 98555 7453
15872 51511 3327
22848 30668 6022
88141 96622 1135
80438 88465 5770
94843 97296 9489
91536 92487 7442
23821 80211 5868
944 76867 940
27807 49257 8837
34501 87313 1625
56399 83132 1733
58207 98270 8816
84170 99495 1427
73672 82042 5608
19199 45690 3578
70327 96376 6738
87543 94299 7110
94205 96386 5693
13330 86912 2542
74775 77719 5824
93697 95431 251
24323 46335 5056
10801 49829 6896
36507 81816 5957
23015 44908 4702
90134 94809 7862
42915 93960 2089
59622 68005 8023
90947 96033 1729
63093 84138 1902
27859 52731 2577
90468 93036 8740
15476 70229 2957
50919 69068 2434
54939 57563 2934
44415 45804 8068
28172 41975 941
79758 98102 4867
39754 51820 1815
39954 99252 3684
89400 92524 1843
66134 96154 1027
45752 52201 7021
18584 39364 3304
95047 95335 7252
11999 89031 2315
21138 82377 4992
15672 22520 1660
62795 94968 3714
65018 82681 2958
9939 96272 8717
5584 16571 8206
3793 51023 7025
5804 38471 8121
51144 57203 759
7671 47217 1294
10820 31421 9453
90301 92904 1333
43635 87584 1589
65605 88336 9750
33948 58289 9622
91223 95605 3356
67367 98175 6874
49182 68024 9220
29934 75959 8126
44338 45715 4816
83168 85323 7744
14915 76231 2163
74915 99715 3932
14339 35663 3580
13521 67564 563
76228 85440 8560
94654 99180 3985
95978 99775 8195
73410 80669 1138
42249 91000 619
74442 93669 4244
36776 93329 4076
3202 37857 5584
12424 62971 6357
74742 91737 654
93339 97598 7885
79421 89066 1067
79479 88841 2772
96153 97702 213
58558 88940 2617
49327 98307 2231
622 55332 7466
58382 74931 9659
55071 87563 7165
33856 52542 3173
2687 86335 9233
45979 52537 6840
70653 83823 8874
12328 85794 1290
66760 67837 5046
98818 99829 3031
18519 77332 1449
78421 99695 9709
61288 98183 309
82043 87621 2794
25043 95793 7979
51818 54468 5577
37621 79916 151
76954 96278 3307
59261 94383 1009
48423 72872 5619
95690 97259 3800
99649 99775 4373
44167 64113 9874
72531 79789 1289
57316 98395 6068
75821 95557 5264
97946 98341 1106
44156 98132 5812
8406 11338 6704
55663 62118 8433
62952 93699 2744
42440 80909 3626
58030 74419 8058
71302 85254 6195
12540 80673 2645
42647 64942 3591
8146 40023 1983
33418 71231 8757
93799 99169 1919
39035 57117 4096
74451 91087 103
57391 74016 6595
39768 49887 8514
53980 77641 9993
3276 51588 9804
82547 97320 9554
69834 82106 7099
5587 59764 4660
58624 69561 5741
55897 56399 6812
48 14871 4887
85719 88795 1852
6238 34078 9120
37861 77009 5897
15975 22998 7925
40735 87222 4676
98306 99527 7100
64658 69933 2417
10831 22233 9773
63538 99631 2862
27287 62799 7734
53493 94699 1348
32877 91019 3642
17111 75543 4856
84696 95664 1430
43239 63923 3955
74355 79285 3148
93850 96022 3903
91211 92996 8441
91334 98370 6569
13759 71769 1511
69484 70967 409
63320 70138 8009
86708 90239 6432
69638 96683 655
33640 97462 3323
45325 52581 7967
21045 98377 2188
49146 54517 6965
72228 78946 2078
26869 27496 7194
77015 90976 3061
9067 69600 3867
34020 68044 4934
1150 3940 9602
15164 77013 4454
19231 99844 7504
43414 89380 583
46178 71997 1543
63986 88196 8106
53296 79750 2586
70015 85590 2565
70198 96916 3886
20546 74008 6070
87838 94355 5258
33238 95645 7870
14399 58339 3464
59555 77997 2943
83219 88717 4909
5092 28388 8608
94487 95211 402
53913 71753 7868
49978 87237 4152
80456 84622 1245
86952 93040 1324
72549 82956 8780
4157 95935 9497
16552 64466 4715
96633 97664 1316
51361 83383 6932
52895 95099 258
51217 99970 3712
94658 98139 7598
5956 52459 3147
45436 52407 7199
65714 72891 6212
90753 94950 2
43610 92657 3518
74836 78320 6633
94953 96424 3857
49475 78897 8512
46758 83838 8859
59361 98066 6272
53395 73839 3701
61640 61973 7626
27194 85772 3122
65588 94879 9666
29190 48227 4398
93622 98906 2264
62571 73494 5140
984 88944 5678
84173 96252 1814
15925 86642 3259
45817 80282 3745
92587 99068 5199
26568 28857 3398
84220 98056 6290
94925 99986 1666
88325 94257 2105
91143 95331 3882
39746 87640 2353
80901 94994 497
16139 26029 8730
28103 95601 5106
73613 74637 785
97909 99142 133
10296 11434 4009
77939 87933 7012
64945 74880 4408
54533 85029 5560
74880 77606 1147
75982 96154 8951
14326 97986 1561
76413 86582 3296
8480 22031 4870
74165 98866 7530
18950 87395 6961
24214 44376 1724
70692 70708 8410
44845 83966 1313
40744 61433 846
93123 97217 7311
68580 87289 1081
77656 90015 2171
71784 74986 4164
17840 26407 8430
51214 53169 5605
15160 54392 6142
16466 24332 8047
798 13192 517
51516 63187 9255
26985 29153 6136
91571 94380 2097
63853 88023 3565
46746 59254 5539
89877 91563 5999
57749 70815 8159
2572 7523 5045
17194 50676 6420
12749 66475 3495
1713 40353 7921
81208 87729 8094
35726 58915 5810
45288 78385 9789
26534 65804 3750
37117 49131 2467
71166 98978 2035
16788 40793 8786
33778 90119 1552
57731 83605 1305
6809 75585 5729
32925 61609 2921
61164 68972 6304
29990 78623 8270
85646 89764 1347
32712 35611 3177
39192 80271 9149
85565 88860 4465
62969 78697 6351
79717 94954 2214
98475 98998 6791
77377 91994 3425
22413 51567 5390
93010 93452 2508
26755 66198 8398
77911 98165 3182
29098 72285 3320
71229 82880 3895
8357 49269 3359
24808 37994 8738
52460 58224 3201
15294 28964 8079
76875 87559 6047
6947 71077 3656
10589 21839 7391
63002 75108 8602
48975 56489 3718
54325 55658 6982
91069 91285 463
81267 88638 3298
20522 65641 1385
31837 39833 7232
33675 59592 3849
59404 91332 1277
77086 92108 6675
42832 97002 5735
62231 96105 3551
69331 86265 5728
82114 99517 1982
93690 98689 7020
33494 58981 766
44360 69284 8008
88880 95414 7251
85435 98245 5642
50022 62834 1646
55628 69612 2293
59434 85990 3762
79657 89889 1322
79420 86995 9903
57689 99621 9560
57516 90474 7210
23863 76669 9339
92271 95367 3665
56868 95589 1432
41737 69427 2260
99509 99750 2926
98412 99443 5203
56954 70087 7308
35443 87180 7562
54366 97290 12
95446 95692 2453
18463 46997 6248
98301 99862 6053
53764 64127 7362
92484 99057 2810
91739 95538 8768
81607 81786 9695
32683 62740 1438
39136 80666 9346
95707 96284 8920
55310 82188 3016
39238 63028 5650
47542 87378 5578
72868 75745 4019
63195 91430 2941
86829 96873 1031
61302 68355 3458
18720 41805 9663
13849 23142 9600
15099 63655 7838
33614 59507 440
28258 62311 7035
86144 95908 5895
65461 99025 3490
83330 96667 7377
77335 84737 3885
1489 79307 2423
6473 96275 4100
17419 30970 2613
85359 94751 9739
10973 58454 7467
36354 98835 2206
98461 98644 9716
90015 96576 1352
89994 99414 7015
42137 61619 2906
64297 92463 4227
31815 51709 6516
77489 99562 5067
42465 76706 3325
17059 87505 3940
5279 80598 3649
27666 76550 6369
71347 72111 9691
28125 92769 2824
67438 79021 4790
44952 56654 3684
61774 68646 8674
18128 60976 5322
77460 93886 2278
21236 24564 5646
88206 99681 4926
65517 97179 6554
57934 66424 3664
62731 88828 5273
35248 59907 281
20283 38614 8350
12395 61138 9728
21372 85058 9117
2667 83590 2080
6918 29994 4246
77425 89711 790
3925 56542 2559
85850 96271 185
96172 98755 33
59606 70103 1598
53170 82484 3216
49114 99075 7325
49181 79494 4249
99189 99946 3744
27179 76769 6667
81760 98254 7165
47366 50731 8628
11670 60787 9743
98512 99075 7466
25329 64642 4420
5254 25113 5822
25334 42960 6418
60697 66053 8842
52714 90061 537
64008 90505 1892
11189 31699 3893
20916 74020 7290
77797 87529 7405
74733 93533 6978
42278 74728 8729
34142 53369 1592
23622 85372 9005
48708 80694 3068
8997 35226 9520
1851 86227 7349
79319 87742 9059
72012 90445 6003
30105 41669 4280
54032 85954 7803
2408 58139 9443
71905 83921 705
48878 98486 6966
93135 95983 2088
31422 57787 8386
92804 95532 3976
13192 19032 4185
15543 39073 1562
18634 48170 2124
77456 97117 6026
40537 65564 372
36 4496 7924
44695 85142 309
43613 96013 7893
37617 89561 7026
96054 99472 4848
30612 31029 2915
57027 90261 3648
31515 53597 8910
26686 50707 273
40457 90658 2791
28977 32406 9856
80081 96286 633
88661 93802 9636
36067 97113 3562
86024 89315 2418
74256 94528 6552
77278 99716 4563
30434 66991 6844
62515 95184 134
13134 95231 7667
96887 97523 9530
15303 85728 5332
8280 66242 4350
84371 90173 3994
91983 97917 2917
36988 55280 2541
25305 37550 7330
22101 24882 1512
60532 78407 5550
38113 65304 113
14752 55388 3076
92742 93466 9176
4289 20684 5324
13058 87947 7506
97488 99504 3811
12474 92183 5053
19338 29167 656
73005 82527 6914
17980 89804 301
21230 27726 1190
52427 55415 7070
52714 91078 898
34474 37723 4104
77720 81345 2648
38126 59258 1718
20866 52409 6549
14837 19729 2456
37477 65218 8622
99527 99711 6025
78437 83059 1217
90846 98313 4908
84192 87693 806
87722 97130 7066
34003 53555 914
8475 71606 7624
21598 26355 5406
79209 98429 109
25572 80121 1202
44265 44505 3365
16214 32061 2810
3627 90695 9694
60590 98595 9485
39088 69085 7886
42092 56237 701
77278 78325 9247
10197 27115 2451
75046 78875 2573
4737 84853 2060
94301 95461 962
58984 70113 5155
39108 74117 2805
41926 61125 9170
66126 72797 6867
75682 88258 5332
13282 72057 6681
99225 99568 2320
44524 95888 1626
69852 71061 2311
76380 89383 670
41205 56757 3608
12433 54693 6545
32930 59369 1147
12341 16635 6019
7008 40217 7167
12218 70148 6774
51251 71053 3787
97223 99643 7513
30702 85063 6725
71564 90931 9826
26148 87795 8014
35806 85588 2834
44830 73865 4443
55607 68558 302
76734 87967 1777
76314 84027 6430
4760 62565 159
54881 70528 6380
59115 60922 9196
42460 81417 1337
5091 98572 2533
2168 68095 375
21818 54234 9593
58492 90718 7998
26711 55754 4963
5345 66889 7689
49794 97877 627
60233 63704 3438
49361 65381 6848
15024 50940 5559
27249 99422 1657
2184 27426 8522
19883 71966 7324
93287 93800 6126
12424 84758 2800
73584 90959 151
74128 81674 5694
40067 56974 324
41068 57243 7998
63380 84877 5383
94200 98596 5620
14399 38634 4144
2685 24803 4440
16021 42016 4512
22684 84260 5679
49905 66518 1153
38115 39067 1558
94805 97874 1172
88708 91167 2621
76460 94981 4423
49958 94876 1329
45690 67984 1311
35226 54965 5440
21215 23134 1198
96183 99635 5631
28716 49692 5799
3117 42189 8293
82039 82745 1157
77379 89000 5166
88531 92753 8420
54998 86965 8724
48841 94104 8318
63752 88267 4839
71964 95786 8226
15476 94701 723
15296 54626 365
1837 18512 421
60327 87300 8930
71365 73471 9993
28573 50395 4692
13071 14633 6072
80258 85606 6074
94049 97479 7372
14205 50795 7813
95639 98256 477
32894 42287 1199
19822 75904 5782
87318 90521 4953
34745 88791 9231
99375 99787 4904
47740 56223 6782
67052 89730 4608
35729 81443 5520
4156 41732 9526
47667 69358 4195
5028 47977 4518
94981 96222 8356
78390 89174 1206
14612 38243 6697
85234 97197 5165
93144 99766 1699
79202 96985 2845
80955 87868 5417
76562 85679 4119
39534 42024 9650
25562 34690 9441
26211 28024 1430
37922 44013 9230
15802 61477 321
69520 72242 7991
73936 79127 8500
40145 84437 3233
7068 50840 5115
83105 94622 3372
83729 92893 3792
44701 60126 5540
7057 62765 5934
77256 87549 2179
96397 96922 4252
16403 55121 89
39984 64049 2276
89965 92523 8589
85646 98275 4008
7095 41300 9616
60581 78382 7768
16169 16688 6638
3005 63289 5367
37074 99399 1404
46078 58471 8682
54846 90040 4908
48604 90425 1158
79848 98243 8084
4475 36972 8701
94849 95046 9187
71751 85012 2472
68367 92224 3534
16609 68584 7925
90094 99749 7447
70910 94988 816
42371 45576 4759
97796 99454 5932
56873 61658 5224
90376 97795 5714
47664 87608 6964
6195 23890 3172
89405 98239 1769
28003 45140 3796
87685 92699 3413
31618 89540 266
57948 96345 5035
75356 87970 3409
75782 90991 311
13114 70957 5421
44076 48809 40
92161 92425 5555
61563 98422 9319
49103 49978 1278
52980 68516 4601
93610 98692 1962
73897 87144 5123
58405 93212 1206
14954 85781 9233
12056 30429 2176
28822 94171 6619
84466 97206 188
60225 63791 5127
59768 67289 1857
13094 60118 518
34156 60961 3310
14476 74027 8509
24172 43807 2194
91857 94384 9494
37258 75977 2839
56225 91347 1464
26863 94823 5317
65055 76193 6898
72618 85378 1156
77339 85999 6855
21885 76540 2546
29123 39151 5251
6141 65308 4684
75752 99932 5660
70466 80624 4314
28746 86340 4964
80095 90529 1054
62676 84110 4497
50496 61991 6196
47764 64405 1469
92030 98532 8126
6620 56740 5005
43477 87386 9160
63230 85475 274
51981 97088 7736
68263 75942 4171
20629 43039 7864
89881 92347 1938
19580 42129 8220
38764 63601 9096
98716 98735 3550
45105 85528 1431
90169 92995 93
20807 58376 4262
42135 56208 890
71793 76301 1230
10276 99101 6362
85427 88313 8426
50185 83798 7410
39760 72385 19
55138 61160 9225
93876 98924 3436
24833 91877 2131
86777 93115 5578
32199 89095 9760
68398 80577 5548
23974 71328 7021
7156 17643 3571
57375 71354 4540
59433 60672 3095
58331 71686 1008
51961 85069 8059
32175 41831 1795
71777 91353 8854
49108 89095 3574
28980 50580 925
5936 64505 3089
67472 94132 4989
20719 34659 1868
78045 84976 5636
19322 55097 6964
32650 94739 2926
6502 49025 1761
4569 9016 9791
83120 87027 8574
72951 84088 9763
27799 63529 5824
52341 90990 637
95680 98567 1516
27487 45315 9545
58517 69603 2590
18402 58834 3260
97534 98123 4965
71775 94857 5674
93699 96987 1270
70186 83900 6090
8530 10415 8215
23377 27018 3076
10939 70312 5958
21430 30653 1292
85409 87856 8878
6146 29035 3244
70865 95243 2579
74741 84838 9972
16481 35657 8437
42224 89404 142
22384 42017 3664
55589 71976 3815
525 36720 5171
35468 43832 3919
30297 47063 4379
65301 99835 2999
78647 81551 3611
82126 82489 9634
25351 29225 6457
77281 92210 2216
96238 98707 5689
85651 95885 8354
35981 38580 9740
25165 30484 2056
49846 77499 3301
68570 97527 1206
56691 96296 3633
25126 72684 5062
34391 72925 5952
55210 85844 6381
79099 90838 1340
47855 98248 5144
24339 58421 5074
14565 74972 8538
13061 53665 6919
89475 97327 94
47597 62266 5642
20262 28702 4814
13225 19256 6056
79528 92235 9234
90432 96325 9092
41099 74529 1195
54767 60015 2815
50500 60031 38